305
133
469
409
37
593
121
157
273
129
358
604
399
214
159
242
132
594
293
231
177
307
104
568
445
36
179
2
752
1364
221
418
166
868
362
306
490
544
865
160
547
240
474
229
277
142
247
124
555
273
104
99
565
14
14
14
817
599
142
639
348
614
202
347
462
689
119
364
82
688
314
112
480
477
60
60
60
799
74
74
649
941
1079
60
60
60
164
1028
313
110
110
155
200
305
178
428
182
142
777
567
449
156
303
278
253
315
597
497
233
511
437
193
122
122
201
243
656
860
142
268
873
606
392
345
8
8
8
8
8
8
8
8
8
8
8
8
8
8
433
183
356
316
446
292
425
23
424
558
442
128
373
127
279
447
26
26
26
665
396
501
80
122
122
220
191
639
64
64
383
1340
200
273
102
197
293
541
139
816
135
149
264
173
44
633
382
168
174
126
933
302
667
310
